100 180
58 79 82 
8 25 40 61 
12 33 89 
48 88 93 
58 82 84 90 
10 19 43 44 
30 36 74 86 
2 53 77 85 
14 35 36 86 
6 18 72 92 
14 35 60 97 
3 41 71 
28 100 
9 11 39 96 
20 52 72 92 
40 50 57 83 
22 32 69 91 
10 34 44 46 
6 47 55 71 
15 38 57 78 
51 59 60 97 
17 45 48 88 
27 41 
26 29 99 
2 76 77 95 
24 37 84 90 
23 31 75 
13 77 95 
24 49 84 
7 79 93 
27 55 63 
17 45 81 
3 47 68 71 
18 63 66 
9 11 58 90 
7 9 39 87 
26 51 97 99 
20 70 72 96 
14 36 78 94 
2 16 52 76 
12 23 75 
57 78 83 94 
6 47 70 72 
6 18 55 63 
22 32 54 
18 66 85 92 
19 33 43 59 
4 22 74 91 
29 67 
16 62 76 98 
21 37 56 68 
15 40 57 61 
8 80 100 
45 88 
19 31 44 75 
51 89 99 
16 20 42 52 
1 5 35 86 
21 47 68 70 
11 21 70 96 
2 52 85 92 
50 69 73 83 
31 34 44 
76 95 98 
69 83 91 94 
34 46 80 
49 82 84 
33 51 59 89 
17 62 65 81 
38 43 59 60 
12 19 33 75 
10 15 38 43 
62 81 98 
7 48 87 93 
27 41 55 71 
25 40 50 64 
8 25 28 100 
20 39 42 96 
1 30 86 
53 66 85 
32 69 73 
1 5 67 
16 42 62 65 
5 26 29 67 
8 46 61 80 
7 9 58 79 
36 74 91 94 
4 22 54 
3 56 68 
5 26 35 97 
17 48 65 87 
10 15 46 61 
4 30 74 
39 42 65 87 
25 28 64 
14 38 60 78 
11 21 37 90 
50 64 73 
24 37 56 
13 53 77 
